Resultado da Simulação

Arquivo de Entrada: entrada_Ex_Barra.txt


---------- Deslocamentos nos Pontos ----------
|Ponto|              u             |              v             |
------------------------------------------------------------------
|    1|            0.0000000000e+00|            0.0000000000e+00|
|    2|            5.0892857143e+00|           -1.4221410716e-08|
|    3|            1.2857142857e+01|            8.7647688218e-08|
|    4|            1.3258928571e+01|            2.2333785488e-08|
------------------------------------------------------------------


---------- Resultados Nodais (todos os nós-mesh) ----------
|   Nó|              u             |              v             |
------------------------------------------------------------------
|    1|            0.0000000000e+00|            0.0000000000e+00|
|    2|            5.0892857143e+00|           -1.4221410716e-08|
|    3|            1.2857142857e+01|            8.7647688218e-08|
|    4|            1.3258928571e+01|            2.2333785488e-08|
|    5|            5.8848214286e-02|            9.8132541648e-08|
|    6|            1.1753571429e-01|            9.1334153574e-09|
|    7|            1.7606250000e-01|           -1.4947484805e-07|
|    8|            2.3442857143e-01|            4.2021763846e-10|
|    9|            2.9263392857e-01|           -1.0572304987e-07|
|   10|            3.5067857143e-01|           -3.9339306035e-08|
|   11|            4.0856250000e-01|            4.7074829368e-08|
|   12|            4.6628571429e-01|            5.0584468614e-08|
|   13|            5.2384821429e-01|           -8.5466823840e-08|
|   14|            5.8125000000e-01|           -9.2836177412e-08|
|   15|            6.3849107143e-01|           -5.6286390215e-08|
|   16|            6.9557142857e-01|            1.0956813234e-09|
|   17|            7.5249107143e-01|            1.1189132909e-07|
|   18|            8.0925000000e-01|            8.2472918717e-08|
|   19|            8.6584821429e-01|            5.6606903609e-08|
|   20|            9.2228571429e-01|            9.2855046763e-08|
|   21|            9.7856250000e-01|           -7.0729753165e-09|
|   22|            1.0346785714e+00|            3.1455138494e-08|
|   23|            1.0906339286e+00|            6.2005598211e-08|
|   24|            1.1464285714e+00|           -3.5072733606e-08|
|   25|            1.2020625000e+00|            3.7741289205e-08|
|   26|            1.2575357143e+00|           -1.7798925667e-08|
|   27|            1.3128482143e+00|            1.2764361057e-07|
|   28|            1.3680000000e+00|           -4.7354339561e-08|
|   29|            1.4229910714e+00|            5.5351075723e-08|
|   30|            1.4778214286e+00|            1.0520778115e-07|
|   31|            1.5324910714e+00|            7.3488556573e-08|
|   32|            1.5870000000e+00|           -8.5333479616e-08|
|   33|            1.6413482143e+00|            1.4199419418e-07|
|   34|            1.6955357143e+00|           -5.8002922687e-08|
|   35|            1.7495625000e+00|            9.2384735861e-08|
|   36|            1.8034285714e+00|            2.0461921713e-08|
|   37|            1.8571339286e+00|           -4.9524806256e-08|
|   38|            1.9106785714e+00|           -3.9170803934e-08|
|   39|            1.9640625000e+00|            3.6675891213e-08|
|   40|            2.0172857143e+00|           -6.2867110850e-08|
|   41|            2.0703482143e+00|            6.4001238531e-08|
|   42|            2.1232500000e+00|            2.1530741190e-08|
|   43|            2.1759910714e+00|            5.5660411835e-08|
|   44|            2.2285714286e+00|           -7.5041063585e-08|
|   45|            2.2809910714e+00|           -3.9640408067e-08|
|   46|            2.3332500000e+00|            1.5269444598e-08|
|   47|            2.3853482143e+00|            4.1137957485e-08|
|   48|            2.4372857143e+00|            6.0232709043e-08|
|   49|            2.4890625000e+00|            5.9939945674e-08|
|   50|            2.5406785714e+00|           -9.2842878274e-08|
|   51|            2.5921339286e+00|           -4.9187526274e-08|
|   52|            2.6434285714e+00|            9.6969538177e-08|
|   53|            2.6945625000e+00|            7.9209049098e-08|
|   54|            2.7455357143e+00|           -5.6942143667e-08|
|   55|            2.7963482143e+00|            8.5111997450e-09|
|   56|            2.8470000000e+00|           -1.5510564388e-08|
|   57|            2.8974910714e+00|           -5.6993184616e-08|
|   58|            2.9478214286e+00|            4.5444835228e-08|
|   59|            2.9979910714e+00|            2.0097033371e-08|
|   60|            3.0480000000e+00|            5.8202834996e-08|
|   61|            3.0978482143e+00|            1.1939109701e-08|
|   62|            3.1475357143e+00|           -4.1206791090e-08|
|   63|            3.1970625000e+00|            1.4425674433e-08|
|   64|            3.2464285714e+00|           -1.0569101150e-11|
|   65|            3.2956339286e+00|            1.2987402487e-08|
|   66|            3.3446785714e+00|           -3.6744493670e-08|
|   67|            3.3935625000e+00|            6.2221265473e-08|
|   68|            3.4422857143e+00|           -2.0291515135e-08|
|   69|            3.4908482143e+00|            9.9160694766e-08|
|   70|            3.5392500000e+00|            5.9918139117e-08|
|   71|            3.5874910714e+00|            1.2008857131e-07|
|   72|            3.6355714286e+00|           -1.0118713423e-08|
|   73|            3.6834910714e+00|           -1.0867018907e-07|
|   74|            3.7312500000e+00|           -2.3826286721e-08|
|   75|            3.7788482143e+00|           -7.9681296450e-08|
|   76|            3.8262857143e+00|            2.9317046124e-08|
|   77|            3.8735625000e+00|           -4.2106129694e-09|
|   78|            3.9206785714e+00|           -3.2836635633e-08|
|   79|            3.9676339286e+00|            1.1670114031e-07|
|   80|            4.0144285714e+00|           -2.5212299581e-08|
|   81|            4.0610625000e+00|            4.2414237011e-08|
|   82|            4.1075357143e+00|           -6.1602755563e-08|
|   83|            4.1538482143e+00|           -8.8483129046e-08|
|   84|            4.2000000000e+00|            8.4625200847e-08|
|   85|            4.2459910714e+00|            4.8988687995e-08|
|   86|            4.2918214286e+00|           -5.5947287469e-08|
|   87|            4.3374910714e+00|           -7.8821487781e-08|
|   88|            4.3830000000e+00|            9.4661505301e-08|
|   89|            4.4283482143e+00|           -6.0664476775e-08|
|   90|            4.4735357143e+00|            1.7203878322e-09|
|   91|            4.5185625000e+00|            3.0177583099e-08|
|   92|            4.5634285714e+00|           -2.4594638326e-08|
|   93|            4.6081339286e+00|           -2.5507764123e-08|
|   94|            4.6526785714e+00|            1.6338587594e-08|
|   95|            4.6970625000e+00|           -8.6835879154e-08|
|   96|            4.7412857143e+00|           -4.6469691206e-08|
|   97|            4.7853482143e+00|            1.4042526253e-08|
|   98|            4.8292500000e+00|           -9.2896752291e-08|
|   99|            4.8729910714e+00|           -3.9959377141e-08|
|  100|            4.9165714286e+00|            3.7603383296e-08|
|  101|            4.9599910714e+00|            5.1030246473e-08|
|  102|            5.0032500000e+00|           -1.8072839225e-08|
|  103|            5.0463482143e+00|           -4.4177642877e-08|
|  104|            5.1321227679e+00|           -2.9069358032e-09|
|  105|            5.1749196429e+00|            6.9905410793e-08|
|  106|            5.2176763393e+00|            2.2969979696e-08|
|  107|            5.2603928572e+00|            3.9002962859e-08|
|  108|            5.3030691964e+00|            1.6741450004e-08|
|  109|            5.3457053572e+00|           -2.7292892169e-08|
|  110|            5.3883013393e+00|           -6.7422678329e-08|
|  111|            5.4308571429e+00|           -7.1381929034e-08|
|  112|            5.4733727679e+00|            7.0593827006e-08|
|  113|            5.5158482143e+00|            1.5839201062e-08|
|  114|            5.5582834822e+00|            7.7166677936e-08|
|  115|            5.6006785714e+00|            5.2840295917e-08|
|  116|            5.6430334822e+00|            1.3726108028e-08|
|  117|            5.6853482143e+00|            6.5711877939e-08|
|  118|            5.7276227679e+00|            4.0844040594e-08|
|  119|            5.7698571429e+00|           -6.9926227031e-08|
|  120|            5.8120513393e+00|           -5.2618009949e-08|
|  121|            5.8542053572e+00|           -1.7469987679e-09|
|  122|            5.8963191964e+00|           -1.0265624617e-07|
|  123|            5.9383928572e+00|            1.2191043708e-07|
|  124|            5.9804263393e+00|           -3.8642682831e-08|
|  125|            6.0224196429e+00|            4.3288223450e-08|
|  126|            6.0643727679e+00|           -4.2318572202e-08|
|  127|            6.1062857143e+00|            1.3230383544e-07|
|  128|            6.1481584822e+00|            4.7110163326e-08|
|  129|            6.1899910714e+00|           -4.1481121427e-08|
|  130|            6.2317834822e+00|           -1.3678371769e-08|
|  131|            6.2735357143e+00|            1.2292801688e-07|
|  132|            6.3152477679e+00|           -7.9450843904e-08|
|  133|            6.3569196429e+00|           -1.1385050547e-07|
|  134|            6.3985513393e+00|           -5.1077892360e-08|
|  135|            6.4401428572e+00|            3.4524236803e-09|
|  136|            6.4816941964e+00|            8.1938917651e-08|
|  137|            6.5232053572e+00|           -1.9957626352e-07|
|  138|            6.5646763393e+00|            3.1225884989e-08|
|  139|            6.6061071429e+00|            1.6248769219e-07|
|  140|            6.6474977679e+00|            7.8925538771e-08|
|  141|            6.6888482143e+00|           -2.6587669844e-08|
|  142|            6.7301584822e+00|           -2.5121955627e-09|
|  143|            6.7714285714e+00|            7.7786750596e-08|
|  144|            6.8126584822e+00|           -1.5929267683e-08|
|  145|            6.8538482143e+00|           -1.9642963256e-08|
|  146|            6.8949977679e+00|            2.4761197759e-08|
|  147|            6.9361071429e+00|            4.0245866861e-08|
|  148|            6.9771763393e+00|            2.2091827478e-08|
|  149|            7.0182053572e+00|           -4.8808269204e-08|
|  150|            7.0591941964e+00|           -8.0495734522e-09|
|  151|            7.1001428572e+00|           -7.2059203049e-10|
|  152|            7.1410513393e+00|            4.9182988571e-08|
|  153|            7.1819196429e+00|           -3.1739230133e-08|
|  154|            7.2227477679e+00|           -2.8734874480e-08|
|  155|            7.2635357143e+00|           -3.3339941918e-09|
|  156|            7.3042834822e+00|            3.0238363147e-08|
|  157|            7.3449910714e+00|           -2.0861364636e-08|
|  158|            7.3856584822e+00|            2.2562190560e-08|
|  159|            7.4262857143e+00|            3.9601091961e-08|
|  160|            7.4668727679e+00|            2.6713724788e-08|
|  161|            7.5074196429e+00|           -2.4351391792e-08|
|  162|            7.5479263393e+00|            6.4752034845e-09|
|  163|            7.5883928572e+00|           -7.8785578062e-09|
|  164|            7.6288191964e+00|            3.3633803742e-08|
|  165|            7.6692053572e+00|           -2.4650161912e-09|
|  166|            7.7095513393e+00|            8.7864324705e-09|
|  167|            7.7498571429e+00|           -8.0853936879e-09|
|  168|            7.7901227679e+00|            1.0885958801e-08|
|  169|            7.8303482143e+00|           -1.8377235733e-08|
|  170|            7.8705334822e+00|           -5.7649964802e-09|
|  171|            7.9106785714e+00|            8.3989881716e-10|
|  172|            7.9507834822e+00|           -9.5183971816e-09|
|  173|            7.9908482143e+00|            8.7007023808e-10|
|  174|            8.0308727679e+00|            1.7135874941e-09|
|  175|            8.0708571429e+00|            4.5201540289e-09|
|  176|            8.1108013393e+00|            1.5354854721e-08|
|  177|            8.1507053572e+00|           -2.8306734734e-09|
|  178|            8.1905691964e+00|            4.5269015203e-09|
|  179|            8.2303928572e+00|           -3.5329819070e-09|
|  180|            8.2701763393e+00|            2.6964195321e-09|
|  181|            8.3099196429e+00|            6.9939711800e-09|
|  182|            8.3496227679e+00|            3.2737506039e-09|
|  183|            8.3892857143e+00|            1.3940644195e-09|
|  184|            8.4289084822e+00|            6.4993876947e-10|
|  185|            8.4684910714e+00|            1.1403287203e-09|
|  186|            8.5080334822e+00|            7.1710015703e-10|
|  187|            8.5475357143e+00|           -3.5017446720e-09|
|  188|            8.5869977679e+00|            2.1869306366e-09|
|  189|            8.6264196429e+00|           -3.3549794054e-09|
|  190|            8.6658013393e+00|           -6.1333160772e-11|
|  191|            8.7051428572e+00|           -6.8324244040e-09|
|  192|            8.7444441964e+00|           -1.6691545923e-09|
|  193|            8.7837053572e+00|            2.9901414678e-10|
|  194|            8.8229263393e+00|           -9.8768992984e-11|
|  195|            8.8621071429e+00|            4.5980463881e-10|
|  196|            8.9012477679e+00|           -1.1662493193e-10|
|  197|            8.9403482143e+00|            6.0049565320e-10|
|  198|            8.9794084822e+00|            1.9747403712e-10|
|  199|            9.0184285714e+00|           -1.7722356915e-10|
|  200|            9.0574084822e+00|            2.0688162294e-10|
|  201|            9.0963482143e+00|            2.1884716261e-12|
|  202|            9.1352477679e+00|            1.5198534524e-12|
|  203|            9.1741071429e+00|            5.4500902367e-13|
|  204|            9.2129263393e+00|           -3.9223475107e-14|
|  205|            9.2517053572e+00|           -1.9964642577e-13|
|  206|            9.2904441964e+00|           -1.0291653908e-12|
|  207|            9.3291428572e+00|            5.6016767615e-13|
|  208|            9.3678013393e+00|            9.9177626265e-14|
|  209|            9.4064196429e+00|           -3.9704669403e-23|
|  210|            9.4449977679e+00|            1.0587911841e-22|
|  211|            9.4835357143e+00|            2.4815418377e-24|
|  212|            9.5220334822e+00|           -7.2791893905e-23|
|  213|            9.5604910714e+00|            5.1285197978e-23|
|  214|            9.5989084822e+00|           -5.2939559203e-23|
|  215|            9.6372857143e+00|            1.9852334701e-23|
|  216|            9.6756227679e+00|           -6.6174449004e-23|
|  217|            9.7139196429e+00|           -3.9704669403e-23|
|  218|            9.7521763393e+00|            0.0000000000e+00|
|  219|            9.7903928572e+00|            4.6322114303e-23|
|  220|            9.8285691964e+00|            1.3234889801e-23|
|  221|            9.8667053572e+00|            4.2186211240e-23|
|  222|            9.9048013393e+00|            3.9704669403e-23|
|  223|            9.9428571429e+00|           -1.1911400821e-22|
|  224|            9.9808727679e+00|            9.2644228606e-23|
|  225|            1.0018848214e+01|            7.9409338805e-23|
|  226|            1.0056783482e+01|            5.9557004104e-23|
|  227|            1.0094678571e+01|            3.3087224502e-24|
|  228|            1.0132533482e+01|            1.8197973476e-23|
|  229|            1.0170348214e+01|           -7.2791893905e-23|
|  230|            1.0208122768e+01|            6.2865726554e-23|
|  231|            1.0245857143e+01|           -3.9704669403e-23|
|  232|            1.0283551339e+01|            6.6174449004e-23|
|  233|            1.0321205357e+01|            5.2939559203e-23|
|  234|            1.0358819196e+01|            1.5881867761e-22|
|  235|            1.0396392857e+01|            1.9852334701e-23|
|  236|            1.0433926339e+01|           -3.9704669403e-23|
|  237|            1.0471419643e+01|            2.9778502052e-23|
|  238|            1.0508872768e+01|            6.6174449004e-23|
|  239|            1.0546285714e+01|            7.2791893905e-23|
|  240|            1.0583658482e+01|            1.3234889801e-23|
|  241|            1.0620991071e+01|            9.2644228606e-23|
|  242|            1.0658283482e+01|            9.5952951056e-23|
|  243|            1.0695535714e+01|           -4.3013391853e-23|
|  244|            1.0732747768e+01|           -7.9409338805e-23|
|  245|            1.0769919643e+01|           -1.2076836943e-22|
|  246|            1.0807051339e+01|           -4.3013391853e-23|
|  247|            1.0844142857e+01|            6.9483171454e-23|
|  248|            1.0881194196e+01|            1.3234889801e-23|
|  249|            1.0918205357e+01|           -9.9261673506e-23|
|  250|            1.0955176339e+01|            9.9261673506e-24|
|  251|            1.0992107143e+01|           -5.9557004104e-23|
|  252|            1.1028997768e+01|           -4.3013391853e-23|
|  253|            1.1065848214e+01|           -1.0587911841e-22|
|  254|            1.1102658482e+01|            7.9409338805e-23|
|  255|            1.1139428571e+01|           -2.4815418377e-24|
|  256|            1.1176158482e+01|            1.0587911841e-22|
|  257|            1.1212848214e+01|            7.9409338805e-23|
|  258|            1.1249497768e+01|            3.9704669403e-23|
|  259|            1.1286107143e+01|            2.6469779602e-23|
|  260|            1.1322676339e+01|            5.6248281654e-23|
|  261|            1.1359205357e+01|            6.6174449004e-24|
|  262|            1.1395694196e+01|           -4.0428452439e-23|
|  263|            1.1432142857e+01|            5.6248281654e-23|
|  264|            1.1468551339e+01|           -1.9852334701e-23|
|  265|            1.1504919643e+01|            2.6469779602e-23|
|  266|            1.1541247768e+01|           -8.2718061255e-24|
|  267|            1.1577535714e+01|           -3.9704669403e-23|
|  268|            1.1613783482e+01|            1.7370792864e-23|
|  269|            1.1649991071e+01|           -1.4558378781e-22|
|  270|            1.1686158482e+01|            1.8197973476e-23|
|  271|            1.1722285714e+01|           -3.9704669403e-23|
|  272|            1.1758372768e+01|            4.9630836753e-23|
|  273|            1.1794419643e+01|            0.0000000000e+00|
|  274|            1.1830426339e+01|            1.3234889801e-23|
|  275|            1.1866392857e+01|            0.0000000000e+00|
|  276|            1.1902319196e+01|            3.9704669403e-23|
|  277|            1.1938205357e+01|           -9.9261673506e-24|
|  278|            1.1974051339e+01|           -6.6174449004e-24|
|  279|            1.2009857143e+01|           -1.3234889801e-23|
|  280|            1.2045622768e+01|            6.6174449004e-23|
|  281|            1.2081348214e+01|           -3.3087224502e-23|
|  282|            1.2117033482e+01|            3.3087224502e-24|
|  283|            1.2152678571e+01|           -3.9704669403e-23|
|  284|            1.2188283482e+01|            4.4254162772e-23|
|  285|            1.2223848214e+01|           -2.6469779602e-23|
|  286|            1.2259372768e+01|           -8.2718061255e-25|
|  287|            1.2294857143e+01|            0.0000000000e+00|
|  288|            1.2330301339e+01|            2.6469779602e-23|
|  289|            1.2365705357e+01|           -6.6174449004e-24|
|  290|            1.2401069196e+01|            0.0000000000e+00|
|  291|            1.2436392857e+01|           -1.4889251026e-23|
|  292|            1.2471676339e+01|            9.9261673506e-24|
|  293|            1.2506919643e+01|            8.2718061255e-25|
|  294|            1.2542122768e+01|           -9.9261673506e-24|
|  295|            1.2577285714e+01|           -1.3234889801e-23|
|  296|            1.2612408482e+01|            1.3234889801e-23|
|  297|            1.2647491071e+01|           -4.1359030628e-24|
|  298|            1.2682533482e+01|           -1.0753347963e-23|
|  299|            1.2717535714e+01|            1.6543612251e-23|
|  300|            1.2752497768e+01|           -1.4889251026e-23|
|  301|            1.2787419643e+01|            6.6174449004e-24|
|  302|            1.2822301339e+01|           -8.2718061255e-25|
|  303|            1.2865138393e+01|           -1.3234889801e-23|
|  304|            1.2873053571e+01|            8.2718061255e-25|
|  305|            1.2880888393e+01|            1.2407709188e-24|
|  306|            1.2888642857e+01|           -1.5994312626e-25|
|  307|            1.2896316964e+01|            5.5737756119e-26|
|  308|            1.2903910714e+01|            1.7771458473e-26|
|  309|            1.2911424107e+01|           -7.9971563128e-26|
|  310|            1.2918857143e+01|           -7.0681937108e-26|
|  311|            1.2926209821e+01|           -3.1746287181e-25|
|  312|            1.2933482143e+01|           -2.8515112913e-25|
|  313|            1.2940674107e+01|           -3.8006687325e-25|
|  314|            1.2947785714e+01|           -1.9710163033e-25|
|  315|            1.2954816964e+01|            3.8673117018e-26|
|  316|            1.2961767857e+01|            3.2665152363e-26|
|  317|            1.2968638393e+01|            1.7246392654e-25|
|  318|            1.2975428571e+01|            4.0389678347e-27|
|  319|            1.2982138393e+01|           -2.3042311497e-25|
|  320|            1.2988767857e+01|           -8.1991047045e-26|
|  321|            1.2995316964e+01|            2.4233807008e-27|
|  322|            1.3001785714e+01|           -4.0389678347e-28|
|  323|            1.3008174107e+01|           -1.6155871339e-27|
|  324|            1.3014482143e+01|            1.6155871339e-27|
|  325|            1.3020709821e+01|           -4.0389678347e-28|
|  326|            1.3026857143e+01|            1.3631516442e-27|
|  327|            1.3032924107e+01|           -1.6155871339e-27|
|  328|            1.3038910714e+01|           -8.0779356695e-28|
|  329|            1.3044816964e+01|           -3.0292258760e-27|
|  330|            1.3050642857e+01|            1.6155871339e-27|
|  331|            1.3056388393e+01|            3.6350710513e-27|
|  332|            1.3062053571e+01|           -8.8352421385e-28|
|  333|            1.3067638393e+01|           -1.2621774484e-27|
|  334|            1.3073142857e+01|            3.2311742678e-27|
|  335|            1.3078566964e+01|           -1.8301573001e-27|
|  336|            1.3083910714e+01|           -2.0194839174e-28|
|  337|            1.3089174107e+01|            1.2116903504e-27|
|  338|            1.3094357143e+01|            8.0779356695e-28|
|  339|            1.3099459821e+01|            3.4331226595e-27|
|  340|            1.3104482143e+01|           -4.0389678347e-27|
|  341|            1.3109424107e+01|            2.2214323091e-27|
|  342|            1.3114285714e+01|            1.6155871339e-27|
|  343|            1.3119066964e+01|            2.8272774843e-27|
|  344|            1.3123767857e+01|            3.2564178168e-27|
|  345|            1.3128388393e+01|            8.0779356695e-28|
|  346|            1.3132928571e+01|            1.2116903504e-27|
|  347|            1.3137388393e+01|            4.2914033244e-28|
|  348|            1.3141767857e+01|           -4.9477355975e-27|
|  349|            1.3146066964e+01|            6.0584517521e-28|
|  350|            1.3150285714e+01|            2.8272774843e-27|
|  351|            1.3154424107e+01|            0.0000000000e+00|
|  352|            1.3158482143e+01|            0.0000000000e+00|
|  353|            1.3162459821e+01|            2.4233807008e-27|
|  354|            1.3166357143e+01|           -2.4233807008e-27|
|  355|            1.3170174107e+01|            1.2116903504e-27|
|  356|            1.3173910714e+01|            0.0000000000e+00|
|  357|            1.3177566964e+01|            2.0194839174e-28|
|  358|            1.3181142857e+01|           -8.0779356695e-28|
|  359|            1.3184638393e+01|            8.0779356695e-28|
|  360|            1.3188053571e+01|            1.2116903504e-27|
|  361|            1.3191388393e+01|           -8.0779356695e-28|
|  362|            1.3194642857e+01|            2.4233807008e-27|
|  363|            1.3197816964e+01|           -6.0584517521e-28|
|  364|            1.3200910714e+01|           -5.6797985176e-29|
|  365|            1.3203924107e+01|           -4.0389678347e-28|
|  366|            1.3206857143e+01|           -1.8175355256e-27|
|  367|            1.3209709821e+01|            1.1107161546e-27|
|  368|            1.3212482143e+01|            8.0779356695e-28|
|  369|            1.3215174107e+01|           -7.0681937108e-28|
|  370|            1.3217785714e+01|           -1.6155871339e-27|
|  371|            1.3220316964e+01|            1.4136387422e-27|
|  372|            1.3222767857e+01|           -2.4233807008e-27|
|  373|            1.3225138393e+01|           -2.0194839174e-27|
|  374|            1.3227428571e+01|            0.0000000000e+00|
|  375|            1.3229638393e+01|            1.2116903504e-27|
|  376|            1.3231767857e+01|           -5.0487097934e-28|
|  377|            1.3233816964e+01|           -1.8175355256e-27|
|  378|            1.3235785714e+01|           -1.1107161546e-27|
|  379|            1.3237674107e+01|           -2.5243548967e-28|
|  380|            1.3239482143e+01|           -4.0389678347e-28|
|  381|            1.3241209821e+01|            1.0097419587e-28|
|  382|            1.3242857143e+01|           -1.7670484277e-28|
|  383|            1.3244424107e+01|            1.1107161546e-27|
|  384|            1.3245910714e+01|           -6.5633227314e-28|
|  385|            1.3247316964e+01|           -8.0779356695e-28|
|  386|            1.3248642857e+01|           -6.0584517521e-28|
|  387|            1.3249888393e+01|            1.1107161546e-27|
|  388|            1.3251053571e+01|           -4.5438388141e-28|
|  389|            1.3252138393e+01|            3.0292258760e-28|
|  390|            1.3253142857e+01|           -8.0779356695e-28|
|  391|            1.3254066964e+01|           -1.0097419587e-28|
|  392|            1.3254910714e+01|           -4.5438388141e-28|
|  393|            1.3255674107e+01|           -5.5535807728e-28|
|  394|            1.3256357143e+01|            7.8255001798e-28|
|  395|            1.3256959821e+01|           -1.2621774484e-29|
|  396|            1.3257482143e+01|            2.0194839174e-28|
|  397|            1.3257924107e+01|            4.0389678347e-28|
|  398|            1.3258285714e+01|           -2.5243548967e-28|
|  399|            1.3258566964e+01|           -4.0389678347e-28|
|  400|            1.3258767857e+01|           -5.9263175505e-28|
|  401|            1.3258888393e+01|            0.0000000000e+00|
------------------------------------------------------------------


---------- Forças por Elemento (axial) ----------
|Elemento|              Força             |
--------------------------------------------
|       1|                    3.295500e+05|
|       2|                    3.286500e+05|
|       3|                    3.277500e+05|
|       4|                    3.268500e+05|
|       5|                    3.259500e+05|
|       6|                    3.250500e+05|
|       7|                    3.241500e+05|
|       8|                    3.232500e+05|
|       9|                    3.223500e+05|
|      10|                    3.214500e+05|
|      11|                    3.205500e+05|
|      12|                    3.196500e+05|
|      13|                    3.187500e+05|
|      14|                    3.178500e+05|
|      15|                    3.169500e+05|
|      16|                    3.160500e+05|
|      17|                    3.151500e+05|
|      18|                    3.142500e+05|
|      19|                    3.133500e+05|
|      20|                    3.124500e+05|
|      21|                    3.115500e+05|
|      22|                    3.106500e+05|
|      23|                    3.097500e+05|
|      24|                    3.088500e+05|
|      25|                    3.079500e+05|
|      26|                    3.070500e+05|
|      27|                    3.061500e+05|
|      28|                    3.052500e+05|
|      29|                    3.043500e+05|
|      30|                    3.034500e+05|
|      31|                    3.025500e+05|
|      32|                    3.016500e+05|
|      33|                    3.007500e+05|
|      34|                    2.998500e+05|
|      35|                    2.989500e+05|
|      36|                    2.980500e+05|
|      37|                    2.971500e+05|
|      38|                    2.962500e+05|
|      39|                    2.953500e+05|
|      40|                    2.944500e+05|
|      41|                    2.935500e+05|
|      42|                    2.926500e+05|
|      43|                    2.917500e+05|
|      44|                    2.908500e+05|
|      45|                    2.899500e+05|
|      46|                    2.890500e+05|
|      47|                    2.881500e+05|
|      48|                    2.872500e+05|
|      49|                    2.863500e+05|
|      50|                    2.854500e+05|
|      51|                    2.845500e+05|
|      52|                    2.836500e+05|
|      53|                    2.827500e+05|
|      54|                    2.818500e+05|
|      55|                    2.809500e+05|
|      56|                    2.800500e+05|
|      57|                    2.791500e+05|
|      58|                    2.782500e+05|
|      59|                    2.773500e+05|
|      60|                    2.764500e+05|
|      61|                    2.755500e+05|
|      62|                    2.746500e+05|
|      63|                    2.737500e+05|
|      64|                    2.728500e+05|
|      65|                    2.719500e+05|
|      66|                    2.710500e+05|
|      67|                    2.701500e+05|
|      68|                    2.692500e+05|
|      69|                    2.683500e+05|
|      70|                    2.674500e+05|
|      71|                    2.665500e+05|
|      72|                    2.656500e+05|
|      73|                    2.647500e+05|
|      74|                    2.638500e+05|
|      75|                    2.629500e+05|
|      76|                    2.620500e+05|
|      77|                    2.611500e+05|
|      78|                    2.602500e+05|
|      79|                    2.593500e+05|
|      80|                    2.584500e+05|
|      81|                    2.575500e+05|
|      82|                    2.566500e+05|
|      83|                    2.557500e+05|
|      84|                    2.548500e+05|
|      85|                    2.539500e+05|
|      86|                    2.530500e+05|
|      87|                    2.521500e+05|
|      88|                    2.512500e+05|
|      89|                    2.503500e+05|
|      90|                    2.494500e+05|
|      91|                    2.485500e+05|
|      92|                    2.476500e+05|
|      93|                    2.467500e+05|
|      94|                    2.458500e+05|
|      95|                    2.449500e+05|
|      96|                    2.440500e+05|
|      97|                    2.431500e+05|
|      98|                    2.422500e+05|
|      99|                    2.413500e+05|
|     100|                    2.404500e+05|
|     101|                    2.398875e+05|
|     102|                    2.396625e+05|
|     103|                    2.394375e+05|
|     104|                    2.392125e+05|
|     105|                    2.389875e+05|
|     106|                    2.387625e+05|
|     107|                    2.385375e+05|
|     108|                    2.383125e+05|
|     109|                    2.380875e+05|
|     110|                    2.378625e+05|
|     111|                    2.376375e+05|
|     112|                    2.374125e+05|
|     113|                    2.371875e+05|
|     114|                    2.369625e+05|
|     115|                    2.367375e+05|
|     116|                    2.365125e+05|
|     117|                    2.362875e+05|
|     118|                    2.360625e+05|
|     119|                    2.358375e+05|
|     120|                    2.356125e+05|
|     121|                    2.353875e+05|
|     122|                    2.351625e+05|
|     123|                    2.349375e+05|
|     124|                    2.347125e+05|
|     125|                    2.344875e+05|
|     126|                    2.342625e+05|
|     127|                    2.340375e+05|
|     128|                    2.338125e+05|
|     129|                    2.335875e+05|
|     130|                    2.333625e+05|
|     131|                    2.331375e+05|
|     132|                    2.329125e+05|
|     133|                    2.326875e+05|
|     134|                    2.324625e+05|
|     135|                    2.322375e+05|
|     136|                    2.320125e+05|
|     137|                    2.317875e+05|
|     138|                    2.315625e+05|
|     139|                    2.313375e+05|
|     140|                    2.311125e+05|
|     141|                    2.308875e+05|
|     142|                    2.306625e+05|
|     143|                    2.304375e+05|
|     144|                    2.302125e+05|
|     145|                    2.299875e+05|
|     146|                    2.297625e+05|
|     147|                    2.295375e+05|
|     148|                    2.293125e+05|
|     149|                    2.290875e+05|
|     150|                    2.288625e+05|
|     151|                    2.286375e+05|
|     152|                    2.284125e+05|
|     153|                    2.281875e+05|
|     154|                    2.279625e+05|
|     155|                    2.277375e+05|
|     156|                    2.275125e+05|
|     157|                    2.272875e+05|
|     158|                    2.270625e+05|
|     159|                    2.268375e+05|
|     160|                    2.266125e+05|
|     161|                    2.263875e+05|
|     162|                    2.261625e+05|
|     163|                    2.259375e+05|
|     164|                    2.257125e+05|
|     165|                    2.254875e+05|
|     166|                    2.252625e+05|
|     167|                    2.250375e+05|
|     168|                    2.248125e+05|
|     169|                    2.245875e+05|
|     170|                    2.243625e+05|
|     171|                    2.241375e+05|
|     172|                    2.239125e+05|
|     173|                    2.236875e+05|
|     174|                    2.234625e+05|
|     175|                    2.232375e+05|
|     176|                    2.230125e+05|
|     177|                    2.227875e+05|
|     178|                    2.225625e+05|
|     179|                    2.223375e+05|
|     180|                    2.221125e+05|
|     181|                    2.218875e+05|
|     182|                    2.216625e+05|
|     183|                    2.214375e+05|
|     184|                    2.212125e+05|
|     185|                    2.209875e+05|
|     186|                    2.207625e+05|
|     187|                    2.205375e+05|
|     188|                    2.203125e+05|
|     189|                    2.200875e+05|
|     190|                    2.198625e+05|
|     191|                    2.196375e+05|
|     192|                    2.194125e+05|
|     193|                    2.191875e+05|
|     194|                    2.189625e+05|
|     195|                    2.187375e+05|
|     196|                    2.185125e+05|
|     197|                    2.182875e+05|
|     198|                    2.180625e+05|
|     199|                    2.178375e+05|
|     200|                    2.176125e+05|
|     201|                    2.173875e+05|
|     202|                    2.171625e+05|
|     203|                    2.169375e+05|
|     204|                    2.167125e+05|
|     205|                    2.164875e+05|
|     206|                    2.162625e+05|
|     207|                    2.160375e+05|
|     208|                    2.158125e+05|
|     209|                    2.155875e+05|
|     210|                    2.153625e+05|
|     211|                    2.151375e+05|
|     212|                    2.149125e+05|
|     213|                    2.146875e+05|
|     214|                    2.144625e+05|
|     215|                    2.142375e+05|
|     216|                    2.140125e+05|
|     217|                    2.137875e+05|
|     218|                    2.135625e+05|
|     219|                    2.133375e+05|
|     220|                    2.131125e+05|
|     221|                    2.128875e+05|
|     222|                    2.126625e+05|
|     223|                    2.124375e+05|
|     224|                    2.122125e+05|
|     225|                    2.119875e+05|
|     226|                    2.117625e+05|
|     227|                    2.115375e+05|
|     228|                    2.113125e+05|
|     229|                    2.110875e+05|
|     230|                    2.108625e+05|
|     231|                    2.106375e+05|
|     232|                    2.104125e+05|
|     233|                    2.101875e+05|
|     234|                    2.099625e+05|
|     235|                    2.097375e+05|
|     236|                    2.095125e+05|
|     237|                    2.092875e+05|
|     238|                    2.090625e+05|
|     239|                    2.088375e+05|
|     240|                    2.086125e+05|
|     241|                    2.083875e+05|
|     242|                    2.081625e+05|
|     243|                    2.079375e+05|
|     244|                    2.077125e+05|
|     245|                    2.074875e+05|
|     246|                    2.072625e+05|
|     247|                    2.070375e+05|
|     248|                    2.068125e+05|
|     249|                    2.065875e+05|
|     250|                    2.063625e+05|
|     251|                    2.061375e+05|
|     252|                    2.059125e+05|
|     253|                    2.056875e+05|
|     254|                    2.054625e+05|
|     255|                    2.052375e+05|
|     256|                    2.050125e+05|
|     257|                    2.047875e+05|
|     258|                    2.045625e+05|
|     259|                    2.043375e+05|
|     260|                    2.041125e+05|
|     261|                    2.038875e+05|
|     262|                    2.036625e+05|
|     263|                    2.034375e+05|
|     264|                    2.032125e+05|
|     265|                    2.029875e+05|
|     266|                    2.027625e+05|
|     267|                    2.025375e+05|
|     268|                    2.023125e+05|
|     269|                    2.020875e+05|
|     270|                    2.018625e+05|
|     271|                    2.016375e+05|
|     272|                    2.014125e+05|
|     273|                    2.011875e+05|
|     274|                    2.009625e+05|
|     275|                    2.007375e+05|
|     276|                    2.005125e+05|
|     277|                    2.002875e+05|
|     278|                    2.000625e+05|
|     279|                    1.998375e+05|
|     280|                    1.996125e+05|
|     281|                    1.993875e+05|
|     282|                    1.991625e+05|
|     283|                    1.989375e+05|
|     284|                    1.987125e+05|
|     285|                    1.984875e+05|
|     286|                    1.982625e+05|
|     287|                    1.980375e+05|
|     288|                    1.978125e+05|
|     289|                    1.975875e+05|
|     290|                    1.973625e+05|
|     291|                    1.971375e+05|
|     292|                    1.969125e+05|
|     293|                    1.966875e+05|
|     294|                    1.964625e+05|
|     295|                    1.962375e+05|
|     296|                    1.960125e+05|
|     297|                    1.957875e+05|
|     298|                    1.955625e+05|
|     299|                    1.953375e+05|
|     300|                    1.951125e+05|
|     301|                    4.477500e+04|
|     302|                    4.432500e+04|
|     303|                    4.387500e+04|
|     304|                    4.342500e+04|
|     305|                    4.297500e+04|
|     306|                    4.252500e+04|
|     307|                    4.207500e+04|
|     308|                    4.162500e+04|
|     309|                    4.117500e+04|
|     310|                    4.072500e+04|
|     311|                    4.027500e+04|
|     312|                    3.982500e+04|
|     313|                    3.937500e+04|
|     314|                    3.892500e+04|
|     315|                    3.847500e+04|
|     316|                    3.802500e+04|
|     317|                    3.757500e+04|
|     318|                    3.712500e+04|
|     319|                    3.667500e+04|
|     320|                    3.622500e+04|
|     321|                    3.577500e+04|
|     322|                    3.532500e+04|
|     323|                    3.487500e+04|
|     324|                    3.442500e+04|
|     325|                    3.397500e+04|
|     326|                    3.352500e+04|
|     327|                    3.307500e+04|
|     328|                    3.262500e+04|
|     329|                    3.217500e+04|
|     330|                    3.172500e+04|
|     331|                    3.127500e+04|
|     332|                    3.082500e+04|
|     333|                    3.037500e+04|
|     334|                    2.992500e+04|
|     335|                    2.947500e+04|
|     336|                    2.902500e+04|
|     337|                    2.857500e+04|
|     338|                    2.812500e+04|
|     339|                    2.767500e+04|
|     340|                    2.722500e+04|
|     341|                    2.677500e+04|
|     342|                    2.632500e+04|
|     343|                    2.587500e+04|
|     344|                    2.542500e+04|
|     345|                    2.497500e+04|
|     346|                    2.452500e+04|
|     347|                    2.407500e+04|
|     348|                    2.362500e+04|
|     349|                    2.317500e+04|
|     350|                    2.272500e+04|
|     351|                    2.227500e+04|
|     352|                    2.182500e+04|
|     353|                    2.137500e+04|
|     354|                    2.092500e+04|
|     355|                    2.047500e+04|
|     356|                    2.002500e+04|
|     357|                    1.957500e+04|
|     358|                    1.912500e+04|
|     359|                    1.867500e+04|
|     360|                    1.822500e+04|
|     361|                    1.777500e+04|
|     362|                    1.732500e+04|
|     363|                    1.687500e+04|
|     364|                    1.642500e+04|
|     365|                    1.597500e+04|
|     366|                    1.552500e+04|
|     367|                    1.507500e+04|
|     368|                    1.462500e+04|
|     369|                    1.417500e+04|
|     370|                    1.372500e+04|
|     371|                    1.327500e+04|
|     372|                    1.282500e+04|
|     373|                    1.237500e+04|
|     374|                    1.192500e+04|
|     375|                    1.147500e+04|
|     376|                    1.102500e+04|
|     377|                    1.057500e+04|
|     378|                    1.012500e+04|
|     379|                    9.675000e+03|
|     380|                    9.225000e+03|
|     381|                    8.775000e+03|
|     382|                    8.325000e+03|
|     383|                    7.875000e+03|
|     384|                    7.425000e+03|
|     385|                    6.975000e+03|
|     386|                    6.525000e+03|
|     387|                    6.075000e+03|
|     388|                    5.625000e+03|
|     389|                    5.175000e+03|
|     390|                    4.725000e+03|
|     391|                    4.275000e+03|
|     392|                    3.825000e+03|
|     393|                    3.375000e+03|
|     394|                    2.925000e+03|
|     395|                    2.475000e+03|
|     396|                    2.025000e+03|
|     397|                    1.575000e+03|
|     398|                    1.125000e+03|
|     399|                    6.750000e+02|
|     400|                    2.250000e+02|
--------------------------------------------


---------- Forças de Reação ----------
|Ponto| GDL|              Valor             |
---------------------------------------------
|    1|   1|                   -3.300000e+05|
|    1|   2|                    0.000000e+00|
---------------------------------------------
