Resultado da Simulação

Arquivo de Entrada: Exemplo_2.txt


---------- Deslocamentos nos Pontos ----------
|Ponto|              u             |              v             |
------------------------------------------------------------------
|    1|            0.0000000000e+00|            0.0000000000e+00|
|    2|            2.4000000000e-03|           -1.1262305899e-02|
|    3|            4.8000000000e-03|           -2.9724611797e-02|
|    4|           -1.6770509831e-03|           -1.0062305899e-02|
|    5|           -2.6592029577e-11|            4.5712212162e-10|
------------------------------------------------------------------


---------- Resultados Nodais (todos os nós-mesh) ----------
|   Nó|              u             |              v             |
------------------------------------------------------------------
|    1|            0.0000000000e+00|            0.0000000000e+00|
|    2|            2.4000000000e-03|           -1.1262305899e-02|
|    3|            4.8000000000e-03|           -2.9724611797e-02|
|    4|           -1.6770509831e-03|           -1.0062305899e-02|
|    5|           -2.6592029577e-11|            4.5712212162e-10|
|    6|            2.4000000000e-04|           -1.5998096619e-10|
|    7|            4.8000000000e-04|           -6.6145816255e-11|
|    8|            7.2000000000e-04|           -3.7971830346e-10|
|    9|            9.6000000000e-04|           -1.3220301998e-09|
|   10|            1.2000000000e-03|           -7.2579567736e-10|
|   11|            1.4400000000e-03|            6.6164036272e-11|
|   12|            1.6800000000e-03|           -5.4112983864e-10|
|   13|            1.9200000000e-03|           -2.8082014058e-10|
|   14|            2.1600000000e-03|            1.5176304549e-10|
|   15|            2.6400000000e-03|            9.3385313588e-11|
|   16|            2.8800000000e-03|            2.3451169576e-10|
|   17|            3.1200000000e-03|           -8.1818058079e-11|
|   18|            3.3600000000e-03|            2.2582226833e-10|
|   19|            3.6000000000e-03|            1.4631149439e-10|
|   20|            3.8400000000e-03|            1.6139532636e-10|
|   21|            4.0800000000e-03|            2.1742753290e-10|
|   22|            4.3200000000e-03|            9.6691077887e-11|
|   23|            4.5600000000e-03|            1.9454552032e-10|
|   24|            3.9426322016e-11|           -1.1142305899e-02|
|   25|            7.9728638622e-11|           -1.1022305899e-02|
|   26|            2.5691339898e-11|           -1.0902305899e-02|
|   27|            6.2396398378e-11|           -1.0782305899e-02|
|   28|           -5.1238371185e-12|           -1.0662305899e-02|
|   29|            1.7915740506e-11|           -1.0542305899e-02|
|   30|            4.5045659910e-12|           -1.0422305899e-02|
|   31|           -1.2014000905e-13|           -1.0302305899e-02|
|   32|           -1.3624249356e-12|           -1.0182305899e-02|
|   33|            2.6832815730e-04|           -1.3416407865e-04|
|   34|            5.3665631460e-04|           -2.6832815730e-04|
|   35|            8.0498447190e-04|           -4.0249223595e-04|
|   36|            1.0733126292e-03|           -5.3665631460e-04|
|   37|            1.3416407865e-03|           -6.7082039325e-04|
|   38|            1.6099689438e-03|           -8.0498447190e-04|
|   39|            1.8782971011e-03|           -9.3914855055e-04|
|   40|            2.1466252584e-03|           -1.0733126292e-03|
|   41|            2.4149534157e-03|           -1.2074767079e-03|
|   42|           -7.7815165617e-03|           -3.8907582808e-03|
|   43|           -7.5131884044e-03|           -3.7565942022e-03|
|   44|           -7.2448602471e-03|           -3.6224301235e-03|
|   45|           -6.9765320898e-03|           -3.4882660449e-03|
|   46|           -6.7082039325e-03|           -3.3541019663e-03|
|   47|           -6.4398757752e-03|           -3.2199378876e-03|
|   48|           -6.1715476179e-03|           -3.0857738090e-03|
|   49|           -5.9032194606e-03|           -2.9516097303e-03|
|   50|           -5.6348913033e-03|           -2.8174456517e-03|
|   51|           -4.8299068314e-03|           -2.4149534157e-03|
|   52|           -4.2932505168e-03|           -2.1466252584e-03|
|   53|           -3.7565942022e-03|           -1.8782971011e-03|
|   54|           -3.2199378876e-03|           -1.6099689438e-03|
|   55|           -2.6832815730e-03|           -1.3416407865e-03|
|   56|           -2.1466252584e-03|           -1.0733126292e-03|
|   57|           -1.6099689438e-03|           -8.0498447190e-04|
|   58|           -1.0733126292e-03|           -5.3665631460e-04|
|   59|           -5.3665631460e-04|           -2.6832815730e-04|
------------------------------------------------------------------


---------- Forças por Elemento (axial) ----------
|Elemento|              Força             |
--------------------------------------------
|       1|                    2.400000e+04|
|       2|                    2.400000e+04|
|       3|                    2.400000e+04|
|       4|                    2.400000e+04|
|       5|                    2.400000e+04|
|       6|                    2.400000e+04|
|       7|                    2.400000e+04|
|       8|                    2.400000e+04|
|       9|                    2.400000e+04|
|      10|                    2.400000e+04|
|      11|                    2.400000e+04|
|      12|                    2.400000e+04|
|      13|                    2.400000e+04|
|      14|                    2.400000e+04|
|      15|                    2.400000e+04|
|      16|                    2.400000e+04|
|      17|                    2.400000e+04|
|      18|                    2.400000e+04|
|      19|                    2.400000e+04|
|      20|                    2.400000e+04|
|      21|                   -2.400000e+04|
|      22|                   -2.400000e+04|
|      23|                   -2.400000e+04|
|      24|                   -2.400000e+04|
|      25|                   -2.400000e+04|
|      26|                   -2.400000e+04|
|      27|                   -2.400000e+04|
|      28|                   -2.400000e+04|
|      29|                   -2.400000e+04|
|      30|                   -2.400000e+04|
|      31|                    2.683282e+04|
|      32|                    2.683282e+04|
|      33|                    2.683282e+04|
|      34|                    2.683282e+04|
|      35|                    2.683282e+04|
|      36|                    2.683282e+04|
|      37|                    2.683282e+04|
|      38|                    2.683282e+04|
|      39|                    2.683282e+04|
|      40|                    2.683282e+04|
|      41|                   -2.683282e+04|
|      42|                   -2.683282e+04|
|      43|                   -2.683282e+04|
|      44|                   -2.683282e+04|
|      45|                   -2.683282e+04|
|      46|                   -2.683282e+04|
|      47|                   -2.683282e+04|
|      48|                   -2.683282e+04|
|      49|                   -2.683282e+04|
|      50|                   -2.683282e+04|
|      51|                   -5.366563e+04|
|      52|                   -5.366563e+04|
|      53|                   -5.366563e+04|
|      54|                   -5.366563e+04|
|      55|                   -5.366563e+04|
|      56|                   -5.366563e+04|
|      57|                   -5.366563e+04|
|      58|                   -5.366563e+04|
|      59|                   -5.366563e+04|
|      60|                   -5.366565e+04|
--------------------------------------------


---------- Forças de Reação ----------
|Ponto| GDL|              Valor             |
---------------------------------------------
|    1|   1|                   -4.800000e+04|
|    1|   2|                    1.200000e+04|
|    5|   1|                    4.800001e+04|
|    5|   2|                    2.400001e+04|
---------------------------------------------
