Resultado da Simulação

Arquivo de Entrada: Exemplo_1.txt


---------- Deslocamentos nos Pontos ----------
|Ponto|              u             |              v             |
------------------------------------------------------------------
|    1|            0.0000000000e+00|            0.0000000000e+00|
|    2|           -2.8597560976e-03|            1.0158654300e-11|
|    3|            1.5903962522e-10|            4.1018019710e-11|
------------------------------------------------------------------


---------- Resultados Nodais (todos os nós-mesh) ----------
|   Nó|              u             |              v             |
------------------------------------------------------------------
|    1|            0.0000000000e+00|            0.0000000000e+00|
|    2|           -2.8597560976e-03|            1.0158654300e-11|
|    3|            1.5903962522e-10|            4.1018019710e-11|
|    4|           -3.2197560976e-04|            1.0933180359e-11|
|    5|           -6.3595121951e-04|           -3.6586271773e-11|
|    6|           -9.4192682927e-04|           -1.7792072069e-12|
|    7|           -1.2399024390e-03|           -1.3261390250e-11|
|    8|           -1.5298780488e-03|            2.6488456394e-11|
|    9|           -1.8118536585e-03|            1.9281763794e-11|
|   10|           -2.0858292683e-03|            2.5248106557e-12|
|   11|           -2.3518048780e-03|            0.0000000000e+00|
|   12|           -2.6097804878e-03|            1.2924697071e-26|
|   13|           -2.5612520787e-03|           -3.8774091213e-26|
|   14|           -2.2655321508e-03|            6.4623485356e-27|
|   15|           -1.9725963137e-03|           -6.4623485356e-27|
|   16|           -1.6824445676e-03|           -1.8488927466e-32|
|   17|           -1.3950769124e-03|           -1.1555579666e-33|
|   18|           -1.1104933481e-03|            3.0814879110e-33|
|   19|           -8.2869387472e-04|           -3.8518598888e-34|
|   20|           -5.4967849224e-04|            0.0000000000e+00|
|   21|           -2.7344720067e-04|            0.0000000000e+00|
------------------------------------------------------------------


---------- Forças por Elemento (axial) ----------
|Elemento|              Força             |
--------------------------------------------
|       1|                   -1.609878e+04|
|       2|                   -1.569878e+04|
|       3|                   -1.529878e+04|
|       4|                   -1.489878e+04|
|       5|                   -1.449878e+04|
|       6|                   -1.409878e+04|
|       7|                   -1.369878e+04|
|       8|                   -1.329878e+04|
|       9|                   -1.289878e+04|
|      10|                   -1.249878e+04|
|      11|                    3.752622e+04|
|      12|                    3.717622e+04|
|      13|                    3.682622e+04|
|      14|                    3.647622e+04|
|      15|                    3.612622e+04|
|      16|                    3.577622e+04|
|      17|                    3.542622e+04|
|      18|                    3.507622e+04|
|      19|                    3.472622e+04|
|      20|                    3.437624e+04|
--------------------------------------------


---------- Forças de Reação ----------
|Ponto| GDL|              Valor             |
---------------------------------------------
|    1|   1|                    1.629878e+04|
|    3|   1|                    3.420124e+04|
---------------------------------------------
