Resultado da Simulação

Arquivo de Entrada: entrada_Ex_Trelica.txt


---------- Resultados Nodais ----------
|   Nó|              u|              v|
---------------------------------------
|    1|         0.0000|         0.0000|
|    2|        -0.0003|         0.0000|
|    3|        -0.0006|         0.0000|
|    4|        -0.0009|         0.0000|
|    5|        -0.0012|         0.0000|
|    6|        -0.0015|         0.0000|
|    7|        -0.0018|         0.0000|
|    8|        -0.0021|         0.0000|
|    9|        -0.0024|         0.0000|
|   10|        -0.0026|         0.0000|
|   11|        -0.0029|         0.0000|
|   12|        -0.0026|         0.0000|
|   13|        -0.0023|         0.0000|
|   14|        -0.0020|         0.0000|
|   15|        -0.0017|         0.0000|
|   16|        -0.0014|         0.0000|
|   17|        -0.0011|         0.0000|
|   18|        -0.0008|         0.0000|
|   19|        -0.0005|         0.0000|
|   20|        -0.0003|         0.0000|
|   21|         0.0000|         0.0000|
---------------------------------------


-- Resultados por Elemento -----
|     Elemento|          Força x|
---------------------------------
|            1|        -16098.78|
|            2|        -15698.78|
|            3|        -15298.78|
|            4|        -14898.78|
|            5|        -14498.78|
|            6|        -14098.78|
|            7|        -13698.78|
|            8|        -13298.78|
|            9|        -12898.78|
|           10|        -12498.78|
|           11|         37526.22|
|           12|         37176.22|
|           13|         36826.22|
|           14|         36476.22|
|           15|         36126.22|
|           16|         35776.22|
|           17|         35426.22|
|           18|         35076.22|
|           19|         34726.22|
|           20|         34376.22|
---------------------------------


------ Forças de Reação -----
|   Nó|   GDL|          Value|
-----------------------------
|    1|     1|       16298.78|
|    3|     1|          -0.00|
